0 0.626563 0.494792 0.171875 0.172917
0 0.465625 0.640625 0.171875 0.172917
0 0.454688 0.4625 0.1625 0.2
0 0.44375 0.092708 0.1625 0.18125
0 0.246094 0.111458 0.167187 0.21875
0 0.557813 0.23125 0.18125 0.2125
0 0.86875 0.161458 0.178125 0.20625
0 0.092188 0.697917 0.1625 0.2
0 0.409375 0.864583 0.1625 0.2
0 0.851562 0.304167 0.1625 0.2
0 0.746875 0.070833 0.10625 0.1375
0 0.085156 0.921875 0.126562 0.15625
0 0.3 0.666667 0.134375 0.170833
0 0.271875 0.876042 0.115625 0.160417
1 0.5875 0.841667 0.234375 0.241667
2 0.592969 0.671875 0.067187 0.09375
2 0.422656 0.228125 0.067187 0.09375