0 0.3125 0.816667 0.203125 0.254167
0 0.69375 0.372917 0.203125 0.254167
0 0.876563 0.28125 0.203125 0.254167
0 0.919531 0.5625 0.160938 0.216667
0 0.874219 0.7875 0.170313 0.233333
0 0.710156 0.872917 0.170313 0.233333
0 0.532031 0.877083 0.170313 0.233333
0 0.511719 0.689583 0.217188 0.208333
0 0.09375 0.416667 0.184375 0.254167
0 0.267188 0.596875 0.1875 0.189583
0 0.539062 0.147917 0.146875 0.2125
0 0.108594 0.219792 0.182812 0.222917
0 0.377344 0.082292 0.157812 0.160417
0 0.725781 0.082292 0.157812 0.160417
1 0.420312 0.378125 0.440625 0.477083