1 0.249219 0.5875 0.367188 0.4125
0 0.716406 0.575 0.189062 0.225
0 0.883594 0.327083 0.189062 0.225
0 0.654687 0.758333 0.165625 0.204167
0 0.795312 0.752083 0.165625 0.204167
0 0.901563 0.622917 0.165625 0.204167
0 0.917188 0.8 0.165625 0.204167
0 0.634375 0.191667 0.165625 0.204167
0 0.576562 0.191667 0.165625 0.204167
0 0.496875 0.154167 0.165625 0.204167
0 0.428125 0.139583 0.165625 0.204167
0 0.257812 0.089583 0.175 0.175
0 0.075781 0.484375 0.148438 0.277083
0 0.490625 0.91875 0.159375 0.1625
0 0.357812 0.91875 0.159375 0.1625
0 0.080469 0.08125 0.157812 0.158333
0 0.397656 0.364583 0.182812 0.166667
0 0.823438 0.908333 0.25 0.183333
0 0.298438 0.24375 0.134375 0.229167
0 0.782813 0.089583 0.196875 0.175