0 0.896094 0.452083 0.139063 0.179167
0 0.621875 0.726042 0.159375 0.24375
0 0.08125 0.816667 0.15 0.1875
0 0.702344 0.928125 0.207813 0.135417
0 0.489063 0.907292 0.184375 0.185417
0 0.467969 0.727083 0.167187 0.216667
0 0.648438 0.109375 0.2125 0.214583
0 0.875781 0.851042 0.173437 0.19375
0 0.132812 0.167708 0.1375 0.285417
0 0.592969 0.34375 0.192188 0.2
0 0.138281 0.588542 0.182812 0.19375
0 0.215625 0.764583 0.16875 0.191667
2 0.085156 0.426042 0.082812 0.089583
1 0.320312 0.486458 0.409375 0.522917