0 0.610938 0.632292 0.215625 0.222917
0 0.09375 0.6 0.184375 0.225
0 0.13125 0.339583 0.18125 0.2375
0 0.092188 0.097917 0.171875 0.191667
0 0.326562 0.313542 0.171875 0.19375
0 0.288281 0.521875 0.164062 0.19375
0 0.4875 0.419792 0.1375 0.26875
0 0.514062 0.889583 0.1625 0.208333
0 0.219531 0.823958 0.195312 0.227083
0 0.919531 0.538542 0.160938 0.235417
0 0.919531 0.316667 0.160938 0.233333
0 0.741406 0.764583 0.160938 0.233333
0 0.421094 0.66875 0.160938 0.233333
0 0.878125 0.063542 0.19375 0.122917
1 0.399219 0.132292 0.354687 0.260417