0 0.532031 0.716667 0.167187 0.2125
0 0.403125 0.672917 0.1375 0.175
0 0.136719 0.23125 0.135937 0.258333
0 0.899219 0.360417 0.167187 0.2125
0 0.336719 0.447917 0.170313 0.216667
0 0.460156 0.457292 0.151562 0.202083
0 0.553906 0.466667 0.154688 0.191667
0 0.324219 0.866667 0.154688 0.191667
0 0.055469 0.511458 0.107813 0.210417
0 0.286719 0.677083 0.154688 0.191667
0 0.75625 0.35625 0.146875 0.216667
0 0.807813 0.607292 0.184375 0.227083
0 0.746875 0.803125 0.184375 0.227083
1 0.567969 0.186458 0.373437 0.36875