0 0.2 0.771875 0.1625 0.214583
0 0.299219 0.654167 0.170313 0.229167
0 0.461719 0.732292 0.182812 0.227083
0 0.460156 0.898958 0.182812 0.202083
0 0.657031 0.826042 0.185938 0.23125
0 0.803906 0.486458 0.185938 0.23125
0 0.614844 0.586458 0.198437 0.247917
0 0.125781 0.486458 0.173437 0.214583
0 0.154688 0.271875 0.175 0.20625
0 0.195312 0.086458 0.16875 0.16875
0 0.720313 0.294792 0.14375 0.189583
0 0.817187 0.276042 0.14375 0.189583
0 0.928125 0.095833 0.14375 0.1875
0 0.780469 0.091667 0.145313 0.179167
0 0.916406 0.798958 0.167187 0.235417
0 0.771094 0.725 0.198437 0.25
1 0.424219 0.215625 0.401562 0.385417