0 0.095312 0.758333 0.153125 0.195833
0 0.055469 0.535417 0.107813 0.275
0 0.574219 0.373958 0.195312 0.235417
0 0.692187 0.629167 0.159375 0.225
0 0.346875 0.730208 0.15625 0.24375
0 0.90625 0.497917 0.1875 0.229167
0 0.572656 0.090625 0.164062 0.177083
0 0.221094 0.277083 0.207813 0.204167
0 0.178125 0.445833 0.196875 0.270833
0 0.529687 0.753125 0.196875 0.210417
0 0.3625 0.08125 0.19375 0.158333
2 0.350781 0.917708 0.060937 0.09375
2 0.453125 0.171875 0.059375 0.085417
1 0.747656 0.172917 0.245312 0.316667