0 0.096094 0.839583 0.179688 0.204167
0 0.149219 0.630208 0.207813 0.289583
0 0.15 0.459375 0.178125 0.19375
0 0.26875 0.485417 0.10625 0.270833
0 0.099219 0.083333 0.129688 0.1625
0 0.486719 0.211458 0.160938 0.23125
0 0.666406 0.119792 0.135937 0.177083
0 0.349219 0.307292 0.170313 0.18125
0 0.396094 0.564583 0.185938 0.183333
0 0.339844 0.78125 0.179688 0.2375
0 0.450781 0.785417 0.179688 0.2375
0 0.646094 0.759375 0.179688 0.264583
0 0.207031 0.225 0.120313 0.275
0 0.085156 0.278125 0.160938 0.189583
0 0.28125 0.120833 0.153125 0.229167
0 0.925781 0.490625 0.148438 0.285417
0 0.807813 0.9375 0.1875 0.125
2 0.75 0.770833 0.0625 0.095833
1 0.658594 0.476042 0.357812 0.41875