1 0.294531 0.582292 0.254688 0.28125
0 0.480469 0.295833 0.195312 0.233333
0 0.146094 0.441667 0.145313 0.195833
0 0.122656 0.265625 0.207813 0.214583
0 0.383594 0.826042 0.157812 0.210417
0 0.266406 0.851042 0.157812 0.210417
0 0.208594 0.846875 0.157812 0.210417
0 0.102344 0.846875 0.157812 0.210417
0 0.563281 0.748958 0.157812 0.210417
0 0.730469 0.738542 0.157812 0.210417
0 0.836719 0.515625 0.157812 0.210417
0 0.830469 0.117708 0.179688 0.227083
0 0.65 0.1 0.18125 0.195833
0 0.264062 0.1 0.18125 0.195833
0 0.295312 0.259375 0.18125 0.197917
2 0.035937 0.083333 0.06875 0.0875
2 0.883594 0.642708 0.054688 0.064583
0 0.686719 0.472917 0.195312 0.233333
0 0.828906 0.907292 0.135937 0.185417