0 0.584375 0.596875 0.15 0.214583
0 0.345313 0.673958 0.15 0.214583
0 0.423438 0.676042 0.15 0.214583
0 0.45625 0.855208 0.1625 0.20625
0 0.207813 0.803125 0.1625 0.20625
0 0.08125 0.819792 0.159375 0.20625
0 0.620313 0.914583 0.15 0.170833
0 0.678125 0.889583 0.15 0.170833
0 0.715625 0.835417 0.15 0.170833
0 0.779687 0.791667 0.15 0.170833
0 0.817187 0.75 0.15 0.170833
0 0.848437 0.71875 0.15 0.170833
0 0.757812 0.504167 0.15 0.170833
0 0.809375 0.520833 0.15 0.170833
0 0.865625 0.547917 0.15 0.170833
0 0.686719 0.295833 0.154688 0.216667
0 0.078125 0.335417 0.153125 0.216667
0 0.203125 0.252083 0.15625 0.216667
0 0.353906 0.298958 0.132812 0.16875
0 0.602344 0.111458 0.132812 0.16875
0 0.933594 0.373958 0.132812 0.16875
1 0.878125 0.171875 0.221875 0.25625
0 0.434375 0.488542 0.15 0.214583
0 0.328125 0.192708 0.15 0.214583
2 0.294531 0.05625 0.048438 0.058333