0 0.11875 0.311458 0.159375 0.247917
0 0.089063 0.103125 0.159375 0.202083
0 0.266406 0.08125 0.192188 0.158333
0 0.517969 0.129167 0.179688 0.233333
0 0.658594 0.48125 0.179688 0.241667
0 0.210156 0.660417 0.151562 0.2125
0 0.075781 0.76875 0.148438 0.229167
0 0.351562 0.804167 0.15 0.229167
0 0.517969 0.741667 0.151562 0.208333
0 0.7 0.721875 0.175 0.210417
0 0.870313 0.876042 0.175 0.210417
0 0.682813 0.234375 0.153125 0.210417
0 0.435156 0.928125 0.142187 0.139583
0 0.228125 0.927083 0.175 0.1375
1 0.363281 0.375 0.370312 0.475
2 0.790625 0.488542 0.10625 0.139583
2 0.770312 0.132292 0.071875 0.085417