0 0.789844 0.132292 0.170313 0.185417
0 0.720313 0.342708 0.165625 0.19375
0 0.785156 0.932292 0.220312 0.135417
0 0.501563 0.797917 0.1625 0.25
0 0.536719 0.385417 0.173437 0.195833
0 0.914062 0.552083 0.1625 0.25
0 0.841406 0.6625 0.192188 0.204167
0 0.276562 0.469792 0.13125 0.164583
0 0.092969 0.539583 0.170313 0.170833
0 0.158594 0.826042 0.185938 0.235417
1 0.317969 0.236458 0.182812 0.21875
0 0.935156 0.353125 0.129688 0.185417
0 0.514844 0.925 0.148438 0.15
0 0.351562 0.809375 0.140625 0.189583