0 0.749219 0.49375 0.182812 0.216667
0 0.324219 0.539583 0.182812 0.216667
0 0.199219 0.389583 0.129688 0.183333
0 0.239844 0.160417 0.173437 0.25
0 0.084375 0.114583 0.165625 0.225
0 0.105469 0.6375 0.179688 0.233333
0 0.090625 0.882292 0.178125 0.235417
0 0.278125 0.778125 0.153125 0.20625
0 0.544531 0.547917 0.182812 0.216667
0 0.849219 0.109375 0.182812 0.214583
0 0.664062 0.083333 0.178125 0.1625
0 0.760938 0.8 0.159375 0.216667
0 0.942969 0.732292 0.114062 0.21875
0 0.511719 0.335417 0.195312 0.245833
1 0.516406 0.815625 0.351562 0.36875
2 0.336719 0.235417 0.092188 0.116667
2 0.3625 0.057292 0.08125 0.110417
2 0.021875 0.752083 0.040625 0.079167