0 0.089063 0.886458 0.165625 0.20625
0 0.542188 0.207292 0.165625 0.20625
0 0.294531 0.514583 0.132812 0.1625
0 0.835156 0.744792 0.154688 0.20625
0 0.942969 0.507292 0.114062 0.210417
0 0.747656 0.238542 0.154688 0.20625
0 0.896094 0.126042 0.154688 0.189583
0 0.607812 0.101042 0.1625 0.197917
0 0.1375 0.414583 0.159375 0.2375
0 0.197656 0.222917 0.204687 0.2875
0 0.275 0.907292 0.125 0.16875
0 0.767969 0.464583 0.176563 0.179167
0 0.751563 0.940625 0.14375 0.10625
0 0.967187 0.220833 0.065625 0.191667
1 0.540625 0.713542 0.290625 0.364583
2 0.445312 0.142708 0.059375 0.060417
2 0.023438 0.554167 0.04375 0.066667