1 0.367969 0.277083 0.339062 0.3875
0 0.578906 0.3 0.167187 0.2125
0 0.664062 0.395833 0.14375 0.183333
0 0.873437 0.533333 0.171875 0.191667
0 0.757812 0.642708 0.2125 0.252083
0 0.882031 0.155208 0.157812 0.25625
0 0.732031 0.092708 0.160938 0.18125
0 0.0625 0.38125 0.121875 0.2375
0 0.160156 0.540625 0.173437 0.239583
0 0.576562 0.688542 0.171875 0.19375
0 0.663281 0.834375 0.185938 0.210417
0 0.067969 0.813542 0.132812 0.18125
0 0.18125 0.9125 0.209375 0.175
0 0.866406 0.897917 0.126562 0.191667
0 0.161719 0.288542 0.148438 0.302083
0 0.426563 0.646875 0.1875 0.239583
2 0.550781 0.590625 0.054688 0.064583