0 0.198437 0.617708 0.15625 0.19375
0 0.353906 0.716667 0.135937 0.195833
0 0.480469 0.722917 0.151562 0.220833
0 0.761719 0.7125 0.167187 0.208333
0 0.896875 0.689583 0.16875 0.241667
0 0.144531 0.891667 0.157812 0.1875
0 0.24375 0.360417 0.171875 0.25
0 0.082031 0.327083 0.157812 0.1875
0 0.600781 0.520833 0.160938 0.2125
0 0.75 0.423958 0.159375 0.18125
0 0.914062 0.167708 0.159375 0.18125
0 0.146094 0.128125 0.173437 0.210417
2 0.623437 0.932292 0.06875 0.09375
1 0.492969 0.175 0.326562 0.345833
2 0.1125 0.036458 0.0625 0.06875