0 0.395313 0.730208 0.2125 0.222917
0 0.547656 0.877083 0.142187 0.2125
0 0.827344 0.846875 0.164062 0.21875
0 0.669531 0.748958 0.164062 0.21875
0 0.694531 0.542708 0.164062 0.21875
0 0.564063 0.203125 0.184375 0.222917
0 0.38125 0.353125 0.184375 0.25625
0 0.671875 0.391667 0.178125 0.229167
0 0.371094 0.114583 0.189062 0.225
0 0.184375 0.114583 0.20625 0.1375
0 0.914062 0.220833 0.171875 0.170833
0 0.924219 0.34375 0.151562 0.204167
0 0.857031 0.070833 0.148438 0.1375
0 0.658594 0.070833 0.148438 0.1375
1 0.150781 0.551042 0.298438 0.422917
2 0.285938 0.7125 0.06875 0.091667