1 0.611719 0.173958 0.279687 0.34375
0 0.370312 0.309375 0.21875 0.202083
0 0.413281 0.067708 0.170313 0.13125
0 0.9375 0.267708 0.121875 0.227083
0 0.28125 0.157292 0.15625 0.20625
0 0.185938 0.485417 0.140625 0.183333
0 0.545312 0.429167 0.140625 0.183333
0 0.6375 0.43125 0.140625 0.183333
0 0.710938 0.408333 0.140625 0.183333
0 0.742188 0.364583 0.140625 0.183333
0 0.825 0.31875 0.140625 0.183333
0 0.915625 0.666667 0.140625 0.183333
0 0.946875 0.4875 0.10625 0.220833
0 0.516406 0.941667 0.139063 0.116667
0 0.569531 0.588542 0.176563 0.177083
0 0.364844 0.8 0.139063 0.1625
0 0.070312 0.576042 0.1375 0.264583
0 0.194531 0.803125 0.179688 0.25625
0 0.115625 0.221875 0.178125 0.25625
0 0.105469 0.090625 0.145313 0.177083
0 0.45 0.485417 0.140625 0.183333
0 0.446875 0.63125 0.140625 0.183333