0 0.284375 0.509375 0.18125 0.20625
0 0.367969 0.678125 0.167187 0.185417
0 0.364844 0.673958 0.167187 0.185417
0 0.624219 0.530208 0.176563 0.23125
0 0.760156 0.683333 0.195312 0.2125
0 0.360938 0.329167 0.159375 0.216667
0 0.442969 0.836458 0.142187 0.20625
0 0.617188 0.785417 0.19375 0.254167
0 0.746875 0.328125 0.13125 0.210417
0 0.082812 0.265625 0.1625 0.210417
0 0.064844 0.438542 0.126562 0.222917
0 0.127344 0.626042 0.182812 0.210417
0 0.89375 0.247917 0.175 0.204167
0 0.310156 0.148958 0.170313 0.214583
1 0.549219 0.205208 0.335938 0.40625