1 0.177344 0.677083 0.282813 0.4
1 0.585156 0.753125 0.423438 0.452083
0 0.340625 0.565625 0.159375 0.247917
0 0.186719 0.396875 0.157812 0.21875
0 0.132031 0.265625 0.129688 0.18125
0 0.494531 0.436458 0.129688 0.18125
0 0.550781 0.463542 0.129688 0.18125
0 0.482031 0.234375 0.129688 0.18125
0 0.544531 0.246875 0.129688 0.18125
0 0.594531 0.257292 0.129688 0.18125
0 0.785937 0.071875 0.146875 0.139583
0 0.580469 0.072917 0.179688 0.141667
0 0.398438 0.045833 0.171875 0.0875
0 0.090625 0.083333 0.13125 0.1625
0 0.7375 0.276042 0.20625 0.21875
0 0.9375 0.605208 0.125 0.227083
0 0.946094 0.452083 0.107813 0.179167
0 0.942187 0.245833 0.115625 0.175