0 0.844531 0.863542 0.189062 0.239583
0 0.672656 0.540625 0.189062 0.239583
0 0.657813 0.34375 0.140625 0.170833
0 0.167187 0.452083 0.1 0.2375
0 0.208594 0.630208 0.151562 0.185417
0 0.178906 0.083333 0.132812 0.1625
0 0.419531 0.132292 0.148438 0.185417
0 0.511719 0.210417 0.195312 0.208333
0 0.7875 0.25 0.140625 0.170833
0 0.521875 0.738542 0.253125 0.139583
0 0.453906 0.782292 0.157812 0.19375
2 0.053906 0.452083 0.057813 0.079167
2 0.224219 0.248958 0.070312 0.097917
2 0.705469 0.871875 0.095312 0.110417
1 0.374219 0.426042 0.307812 0.447917