0 0.126562 0.695833 0.165625 0.2
0 0.205469 0.517708 0.154688 0.197917
0 0.171094 0.089583 0.154688 0.175
0 0.364063 0.114583 0.165625 0.216667
0 0.6125 0.089583 0.196875 0.175
0 0.553906 0.311458 0.157812 0.21875
0 0.716406 0.376042 0.157812 0.21875
0 0.820312 0.640625 0.178125 0.172917
0 0.335938 0.889583 0.178125 0.220833
0 0.88125 0.275 0.178125 0.220833
0 0.821875 0.170833 0.178125 0.220833
0 0.910937 0.480208 0.178125 0.172917
0 0.382031 0.535417 0.157812 0.220833
0 0.295312 0.35 0.175 0.245833
1 0.532031 0.76875 0.360938 0.458333