0 0.600781 0.119792 0.170313 0.177083
0 0.447656 0.157292 0.157812 0.23125
0 0.565625 0.58125 0.134375 0.2
0 0.844531 0.425 0.167187 0.254167
0 0.504687 0.923958 0.134375 0.152083
0 0.396875 0.923958 0.134375 0.152083
0 0.933594 0.748958 0.132812 0.23125
0 0.751563 0.698958 0.184375 0.21875
0 0.205469 0.089583 0.170313 0.175
0 0.126562 0.121875 0.140625 0.19375
1 0.334375 0.408333 0.190625 0.258333
2 0.964844 0.261458 0.051562 0.085417
2 0.982812 0.363542 0.034375 0.085417
2 0.861719 0.836458 0.051562 0.085417