0 0.783594 0.830208 0.192188 0.214583
0 0.517188 0.455208 0.178125 0.164583
0 0.610156 0.653125 0.157812 0.21875
0 0.659375 0.326042 0.18125 0.222917
0 0.680469 0.095833 0.179688 0.1875
0 0.14375 0.886458 0.1875 0.227083
0 0.0875 0.672917 0.15625 0.195833
0 0.10625 0.189583 0.19375 0.208333
0 0.238281 0.076042 0.170313 0.147917
0 0.408594 0.076042 0.170313 0.147917
0 0.86875 0.265625 0.165625 0.21875
0 0.579688 0.736458 0.165625 0.21875
0 0.346875 0.807292 0.159375 0.177083
0 0.380469 0.225 0.195312 0.254167
0 0.9375 0.382292 0.125 0.202083
0 0.076563 0.376042 0.15 0.19375
2 0.475781 0.866667 0.085938 0.1
2 0.871094 0.522917 0.098437 0.133333
1 0.25 0.516667 0.328125 0.4125