0 0.266406 0.804167 0.173437 0.170833
0 0.088281 0.747917 0.173437 0.170833
0 0.475781 0.888542 0.123438 0.20625
0 0.108594 0.294792 0.189062 0.21875
0 0.225781 0.455208 0.189062 0.21875
0 0.874219 0.467708 0.189062 0.21875
0 0.767969 0.440625 0.189062 0.21875
0 0.524219 0.507292 0.151562 0.16875
0 0.145313 0.098958 0.190625 0.19375
0 0.89375 0.25 0.128125 0.216667
0 0.917969 0.819792 0.160938 0.25625
0 0.684375 0.925 0.15625 0.15
2 0.369531 0.195833 0.060937 0.0875
2 0.844531 0.126042 0.067187 0.102083
1 0.553906 0.18125 0.323437 0.358333