0 0.23125 0.083333 0.20625 0.1625
0 0.5625 0.383333 0.1375 0.225
0 0.510156 0.609375 0.142187 0.19375
0 0.688281 0.104167 0.142187 0.191667
0 0.714063 0.8375 0.15 0.191667
0 0.936719 0.430208 0.126562 0.19375
0 0.882031 0.151042 0.126562 0.19375
0 0.835938 0.908333 0.140625 0.170833
0 0.140625 0.732292 0.1375 0.235417
0 0.222656 0.313542 0.148438 0.214583
0 0.360156 0.267708 0.142187 0.177083
0 0.241406 0.515625 0.176563 0.214583
0 0.358594 0.653125 0.132812 0.19375
0 0.399219 0.7625 0.142187 0.1875
0 0.288281 0.825 0.167187 0.208333
1 0.721094 0.536458 0.273438 0.31875
2 0.419531 0.888542 0.060937 0.085417