1 0.697656 0.5625 0.301563 0.370833
1 0.6 0.865625 0.23125 0.26875
2 0.848437 0.740625 0.059375 0.089583
2 0.110937 0.221875 0.059375 0.089583
0 0.301563 0.416667 0.20625 0.291667
0 0.235937 0.742708 0.16875 0.24375
0 0.084375 0.821875 0.165625 0.24375
0 0.184375 0.923958 0.175 0.152083
0 0.875 0.103125 0.13125 0.202083
0 0.821875 0.151042 0.13125 0.23125
0 0.772656 0.186458 0.132812 0.23125
0 0.705469 0.228125 0.132812 0.23125
0 0.625781 0.290625 0.132812 0.23125
0 0.933594 0.703125 0.132812 0.23125
0 0.946094 0.85 0.107813 0.233333
0 0.216406 0.157292 0.114062 0.21875
0 0.288281 0.154167 0.129688 0.216667
0 0.507812 0.142708 0.146875 0.21875
0 0.411719 0.7125 0.176563 0.245833