0 0.789062 0.432292 0.15 0.18125
0 0.849219 0.6375 0.132812 0.1875
0 0.945312 0.738542 0.109375 0.214583
0 0.821094 0.83125 0.167187 0.191667
0 0.140625 0.742708 0.14375 0.19375
0 0.127344 0.909375 0.176563 0.177083
0 0.285156 0.695833 0.192188 0.25
0 0.328906 0.405208 0.151562 0.227083
0 0.091406 0.091667 0.123438 0.179167
0 0.317969 0.191667 0.157812 0.1875
0 0.429688 0.932292 0.134375 0.135417
0 0.224219 0.204167 0.151562 0.25
0 0.948438 0.529167 0.103125 0.191667
0 0.426563 0.555208 0.15 0.18125
1 0.525781 0.320833 0.379688 0.475