0 0.882031 0.454167 0.145313 0.208333
0 0.763281 0.296875 0.195312 0.23125
0 0.869531 0.738542 0.170313 0.235417
0 0.485156 0.627083 0.189062 0.233333
0 0.178125 0.332292 0.175 0.23125
0 0.689063 0.652083 0.196875 0.229167
0 0.428125 0.357292 0.14375 0.189583
0 0.335938 0.259375 0.14375 0.189583
0 0.074219 0.0875 0.142187 0.170833
0 0.107031 0.564583 0.164062 0.175
0 0.095312 0.65625 0.16875 0.216667
0 0.628906 0.430208 0.167187 0.33125
0 0.782031 0.08125 0.195312 0.158333
0 0.419531 0.230208 0.129688 0.164583
2 0.678906 0.863542 0.067187 0.077083
2 0.555469 0.477083 0.067187 0.079167
2 0.307031 0.402083 0.051562 0.1
2 0.15625 0.06875 0.06875 0.075
1 0.3 0.805208 0.35625 0.389583