0 0.709375 0.308333 0.215625 0.208333
0 0.689844 0.441667 0.179688 0.2
0 0.253906 0.35625 0.192188 0.2125
0 0.284375 0.819792 0.1625 0.20625
0 0.324219 0.896875 0.145313 0.20625
0 0.107031 0.595833 0.170313 0.241667
0 0.563281 0.73125 0.170313 0.241667
0 0.908594 0.3375 0.157812 0.245833
0 0.847656 0.604167 0.157812 0.2375
0 0.647656 0.6625 0.157812 0.2375
0 0.491406 0.24375 0.157812 0.2375
0 0.482812 0.489583 0.1875 0.254167
1 0.664062 0.111458 0.44375 0.21875
0 0.242969 0.103125 0.145313 0.202083
0 0.283594 0.239583 0.145313 0.204167
0 0.835938 0.889583 0.171875 0.220833