1 0.742969 0.107292 0.276562 0.210417
0 0.363281 0.119792 0.170313 0.23125
0 0.263281 0.436458 0.170313 0.23125
0 0.244531 0.240625 0.170313 0.23125
0 0.150781 0.261458 0.170313 0.23125
0 0.074219 0.353125 0.145313 0.239583
0 0.089844 0.477083 0.173437 0.241667
0 0.749219 0.683333 0.173437 0.241667
0 0.355469 0.85625 0.170313 0.204167
0 0.219531 0.847917 0.170313 0.204167
0 0.471094 0.4125 0.151562 0.195833
0 0.863281 0.510417 0.173437 0.204167
0 0.580469 0.85625 0.170313 0.25
0 0.414844 0.702083 0.198437 0.2375
0 0.560156 0.539583 0.198437 0.2375
0 0.789062 0.316667 0.215625 0.241667
0 0.547656 0.283333 0.176563 0.241667
2 0.259375 0.596875 0.0625 0.072917
2 0.471875 0.921875 0.0625 0.072917