0 0.579688 0.902083 0.13125 0.195833
0 0.271875 0.839583 0.153125 0.2
0 0.077344 0.789583 0.151562 0.2
0 0.198437 0.654167 0.153125 0.2
0 0.115625 0.086458 0.15625 0.16875
0 0.335156 0.109375 0.179688 0.214583
0 0.517188 0.114583 0.15 0.225
0 0.896875 0.065625 0.159375 0.127083
0 0.900781 0.316667 0.164062 0.216667
0 0.917969 0.866667 0.164062 0.216667
0 0.641406 0.684375 0.192188 0.23125
0 0.557031 0.501042 0.192188 0.23125
0 0.134375 0.421875 0.16875 0.189583
0 0.394531 0.6125 0.189062 0.229167
1 0.675 0.277083 0.33125 0.404167