0 0.503125 0.507292 0.1375 0.197917
0 0.629687 0.596875 0.1375 0.197917
0 0.885938 0.328125 0.1375 0.197917
0 0.792969 0.528125 0.189062 0.23125
0 0.380469 0.313542 0.189062 0.23125
0 0.3375 0.529167 0.1625 0.220833
0 0.379688 0.110417 0.1625 0.216667
0 0.221875 0.466667 0.1625 0.220833
0 0.85625 0.74375 0.1625 0.220833
0 0.504687 0.814583 0.1625 0.220833
0 0.326562 0.88125 0.1625 0.220833
0 0.082031 0.758333 0.160938 0.220833
0 0.24375 0.704167 0.1625 0.220833
1 0.645312 0.236458 0.3375 0.41875
2 0.954688 0.615625 0.059375 0.077083