0 0.102344 0.59375 0.151562 0.208333
0 0.403906 0.670833 0.151562 0.208333
0 0.601562 0.3875 0.1875 0.216667
0 0.507812 0.223958 0.171875 0.210417
0 0.346094 0.090625 0.192188 0.177083
0 0.38125 0.422917 0.16875 0.208333
0 0.753125 0.894792 0.16875 0.210417
0 0.829688 0.513542 0.16875 0.210417
0 0.829688 0.11875 0.1375 0.170833
0 0.889062 0.339583 0.1375 0.170833
0 0.090625 0.791667 0.178125 0.245833
0 0.2625 0.74375 0.178125 0.204167
1 0.642969 0.671875 0.220312 0.260417
2 0.508594 0.744792 0.060937 0.064583
2 0.7125 0.45 0.05625 0.075