0 0.409375 0.836458 0.15 0.214583
0 0.752344 0.704167 0.132812 0.183333
0 0.255469 0.564583 0.189062 0.2125
0 0.517188 0.538542 0.18125 0.185417
0 0.902344 0.678125 0.164062 0.177083
0 0.877344 0.911458 0.179688 0.177083
0 0.232031 0.930208 0.173437 0.139583
0 0.103125 0.826042 0.184375 0.18125
0 0.658594 0.351042 0.151562 0.21875
0 0.792969 0.365625 0.135937 0.222917
0 0.517969 0.286458 0.135937 0.222917
0 0.609375 0.665625 0.171875 0.19375
0 0.944531 0.501042 0.110937 0.189583
0 0.705469 0.905208 0.176563 0.189583
1 0.278125 0.241667 0.3625 0.454167