0 0.491406 0.777083 0.173437 0.233333
0 0.257031 0.830208 0.217188 0.23125
0 0.49375 0.215625 0.178125 0.19375
0 0.936719 0.091667 0.126562 0.179167
0 0.760938 0.120833 0.16875 0.2375
0 0.932031 0.380208 0.135937 0.28125
0 0.764844 0.701042 0.135937 0.28125
0 0.680469 0.401042 0.135937 0.28125
0 0.09375 0.283333 0.184375 0.266667
0 0.913281 0.695833 0.173437 0.233333
1 0.271875 0.161458 0.2125 0.272917
2 0.529687 0.333333 0.071875 0.083333
2 0.589063 0.489583 0.071875 0.083333
0 0.196094 0.577083 0.173437 0.233333