0 0.158594 0.722917 0.117188 0.283333
0 0.273438 0.353125 0.178125 0.20625
0 0.072656 0.473958 0.142187 0.20625
0 0.413281 0.7375 0.160938 0.208333
0 0.4125 0.907292 0.153125 0.185417
0 0.789844 0.6 0.160938 0.195833
0 0.569531 0.469792 0.176563 0.197917
0 0.528125 0.214583 0.16875 0.233333
0 0.815625 0.071875 0.1625 0.139583
0 0.6875 0.190625 0.153125 0.197917
0 0.677344 0.405208 0.145313 0.24375
0 0.9125 0.660417 0.13125 0.191667
0 0.089063 0.169792 0.15 0.222917
0 0.2375 0.1 0.153125 0.195833
0 0.377344 0.085417 0.135937 0.166667
2 0.017188 0.621875 0.03125 0.072917
2 0.630469 0.560417 0.064062 0.0625
1 0.686719 0.832292 0.404687 0.335417