0 0.682031 0.34375 0.192188 0.208333
0 0.529687 0.683333 0.1875 0.266667
0 0.786719 0.516667 0.176563 0.245833
0 0.294531 0.815625 0.210938 0.210417
0 0.059375 0.359375 0.115625 0.297917
0 0.60625 0.133333 0.203125 0.241667
0 0.772656 0.125 0.132812 0.245833
0 0.923438 0.66875 0.153125 0.258333
0 0.929688 0.371875 0.140625 0.227083
0 0.932031 0.089583 0.135937 0.175
0 0.571094 0.892708 0.185938 0.214583
2 0.814063 0.357292 0.046875 0.064583
2 0.642969 0.501042 0.082812 0.097917
1 0.428125 0.375 0.30625 0.366667