0 0.285156 0.673958 0.189062 0.222917
0 0.097656 0.378125 0.189062 0.222917
0 0.469531 0.192708 0.189062 0.222917
0 0.6375 0.26875 0.16875 0.208333
0 0.767188 0.19375 0.16875 0.208333
0 0.839844 0.372917 0.167187 0.2125
0 0.264844 0.097917 0.160938 0.191667
0 0.451562 0.4375 0.1875 0.1875
0 0.925781 0.184375 0.148438 0.197917
0 0.575781 0.50625 0.173437 0.195833
0 0.407813 0.575 0.171875 0.220833
0 0.357031 0.808333 0.148438 0.208333
0 0.792188 0.54375 0.209375 0.141667
1 0.691406 0.751042 0.245312 0.297917
2 0.452344 0.895833 0.057813 0.070833
2 0.872656 0.757292 0.048438 0.060417