0 0.298438 0.423958 0.134375 0.18125
0 0.254688 0.388542 0.165625 0.172917
0 0.214844 0.592708 0.176563 0.21875
0 0.797656 0.423958 0.170313 0.239583
0 0.482031 0.836458 0.170313 0.239583
0 0.721094 0.490625 0.170313 0.239583
0 0.560937 0.744792 0.16875 0.197917
0 0.907031 0.090625 0.182812 0.177083
0 0.853125 0.663542 0.16875 0.239583
0 0.697656 0.695833 0.185938 0.283333
0 0.296875 0.809375 0.171875 0.210417
0 0.18125 0.815625 0.171875 0.210417
0 0.046875 0.280208 0.090625 0.19375
1 0.458594 0.25625 0.320312 0.408333