0 0.792188 0.61875 0.184375 0.220833
0 0.446094 0.546875 0.148438 0.197917
0 0.092188 0.714583 0.1375 0.2625
0 0.4625 0.246875 0.178125 0.202083
0 0.825781 0.144792 0.192188 0.235417
0 0.728125 0.38125 0.16875 0.220833
0 0.60625 0.407292 0.184375 0.24375
0 0.647656 0.901042 0.185938 0.197917
0 0.610938 0.64375 0.159375 0.208333
0 0.35 0.386458 0.15625 0.197917
0 0.229687 0.219792 0.153125 0.24375
0 0.229687 0.451042 0.140625 0.252083
0 0.3375 0.08125 0.171875 0.158333
1 0.301563 0.808333 0.35625 0.383333
2 0.867188 0.252083 0.059375 0.079167
2 0.820312 0.286458 0.05625 0.072917