1 0.3625 0.63125 0.325 0.366667
0 0.71875 0.466667 0.16875 0.2
0 0.710938 0.264583 0.171875 0.225
0 0.401562 0.285417 0.13125 0.208333
0 0.767188 0.73125 0.175 0.204167
0 0.75 0.839583 0.175 0.204167
0 0.285938 0.8875 0.1625 0.183333
0 0.832812 0.433333 0.1625 0.183333
0 0.083594 0.801042 0.151562 0.20625
0 0.042188 0.31875 0.08125 0.216667
0 0.438281 0.889583 0.185938 0.154167
0 0.325 0.088542 0.1625 0.172917
0 0.515625 0.189583 0.159375 0.225
0 0.897656 0.091667 0.145313 0.179167
0 0.835156 0.113542 0.145313 0.18125
0 0.085938 0.622917 0.159375 0.225
0 0.582812 0.810417 0.159375 0.225
2 0.625781 0.13125 0.057813 0.066667