0 0.524219 0.882292 0.157812 0.235417
0 0.685937 0.846875 0.165625 0.19375
0 0.542969 0.24375 0.170313 0.208333
0 0.702344 0.160417 0.179688 0.25
0 0.551562 0.65625 0.178125 0.195833
0 0.409375 0.09375 0.184375 0.183333
0 0.604688 0.480208 0.13125 0.21875
0 0.916406 0.111458 0.160938 0.21875
0 0.729688 0.415625 0.1625 0.222917
0 0.761719 0.638542 0.160938 0.202083
0 0.267188 0.219792 0.159375 0.222917
0 0.883594 0.384375 0.148438 0.210417
0 0.883594 0.828125 0.179688 0.177083
0 0.067187 0.313542 0.13125 0.227083
1 0.192188 0.694792 0.3125 0.44375
2 0.530469 0.479167 0.054688 0.0875