0 0.803906 0.514583 0.176563 0.204167
0 0.721094 0.602083 0.176563 0.204167
0 0.658594 0.185417 0.176563 0.204167
0 0.892188 0.273958 0.184375 0.235417
0 0.810937 0.25625 0.159375 0.216667
0 0.361719 0.454167 0.176563 0.204167
0 0.522656 0.847917 0.176563 0.204167
0 0.911719 0.739583 0.176563 0.204167
0 0.446094 0.166667 0.176563 0.204167
0 0.124219 0.19375 0.176563 0.204167
0 0.121094 0.747917 0.176563 0.204167
0 0.277344 0.685417 0.176563 0.204167
0 0.158594 0.897917 0.129688 0.204167
0 0.190625 0.404167 0.225 0.25
0 0.698438 0.921875 0.15 0.15625
1 0.3125 0.89375 0.18125 0.2125
2 0.589844 0.208333 0.054688 0.0625