0 0.392969 0.801042 0.160938 0.202083
0 0.067969 0.872917 0.132812 0.204167
0 0.540625 0.31875 0.234375 0.166667
0 0.358594 0.602083 0.195312 0.166667
0 0.465625 0.142708 0.1875 0.185417
0 0.182812 0.120833 0.1625 0.2125
0 0.557813 0.633333 0.165625 0.220833
0 0.707812 0.5625 0.18125 0.208333
0 0.746094 0.740625 0.189062 0.214583
0 0.902344 0.330208 0.173437 0.23125
0 0.891406 0.501042 0.142187 0.23125
0 0.592187 0.926042 0.15625 0.147917
2 0.8375 0.886458 0.071875 0.085417
2 0.977344 0.654167 0.045312 0.0625
1 0.132031 0.396875 0.260937 0.410417
2 0.034375 0.057292 0.05625 0.060417