0 0.622656 0.376042 0.173437 0.210417
0 0.600781 0.651042 0.173437 0.210417
0 0.657031 0.842708 0.173437 0.210417
0 0.310156 0.261458 0.173437 0.210417
0 0.175781 0.121875 0.126562 0.16875
0 0.300781 0.623958 0.157812 0.20625
0 0.183594 0.667708 0.157812 0.20625
0 0.285156 0.820833 0.164062 0.191667
0 0.814844 0.264583 0.164062 0.191667
0 0.789062 0.634375 0.190625 0.210417
0 0.917969 0.464583 0.164062 0.254167
0 0.625781 0.110417 0.164062 0.191667
0 0.688281 0.133333 0.164062 0.191667
0 0.908594 0.777083 0.164062 0.191667
1 0.115625 0.390625 0.228125 0.44375
2 0.301563 0.471875 0.059375 0.097917