0 0.503906 0.726042 0.148438 0.247917
0 0.6875 0.714583 0.15 0.1625
0 0.10625 0.628125 0.178125 0.210417
0 0.275 0.758333 0.15 0.2375
0 0.098437 0.807292 0.175 0.227083
0 0.335156 0.395833 0.173437 0.220833
0 0.876563 0.610417 0.184375 0.2125
0 0.719531 0.883333 0.185938 0.191667
0 0.460938 0.361458 0.165625 0.252083
0 0.077344 0.26875 0.151562 0.204167
0 0.0875 0.460417 0.171875 0.216667
0 0.264844 0.204167 0.182812 0.204167
0 0.692969 0.166667 0.173437 0.154167
0 0.855469 0.186458 0.160938 0.252083
0 0.452344 0.929167 0.164062 0.141667
0 0.544531 0.089583 0.151562 0.175
0 0.18125 0.089583 0.146875 0.175
1 0.660937 0.427083 0.309375 0.408333
2 0.580469 0.880208 0.070312 0.110417
2 0.960156 0.336458 0.079687 0.135417