1 0.740625 0.761458 0.184375 0.25625
0 0.320312 0.879167 0.15625 0.1375
0 0.226562 0.911458 0.153125 0.160417
0 0.079687 0.646875 0.125 0.20625
0 0.092188 0.753125 0.125 0.20625
0 0.084375 0.263542 0.125 0.20625
0 0.1125 0.401042 0.15625 0.210417
0 0.157031 0.509375 0.123438 0.210417
0 0.207031 0.571875 0.123438 0.210417
0 0.244531 0.590625 0.123438 0.210417
0 0.340625 0.6 0.146875 0.216667
0 0.4875 0.495833 0.146875 0.216667
0 0.375 0.3625 0.16875 0.258333
2 0.245312 0.284375 0.053125 0.08125
2 0.609375 0.169792 0.053125 0.08125
0 0.510938 0.28125 0.14375 0.170833
0 0.876563 0.170833 0.14375 0.170833
0 0.810156 0.159375 0.145313 0.25625
0 0.923438 0.394792 0.146875 0.25625
0 0.939063 0.526042 0.121875 0.19375
0 0.814844 0.575 0.145313 0.195833
0 0.758594 0.495833 0.145313 0.195833
0 0.685156 0.46875 0.145313 0.195833
0 0.927344 0.789583 0.145313 0.195833
0 0.927344 0.902083 0.145313 0.195833
0 0.835156 0.902083 0.145313 0.195833
0 0.286719 0.129167 0.145313 0.195833
0 0.674219 0.160417 0.145313 0.195833