0 0.135937 0.91875 0.15625 0.1625
0 0.1375 0.201042 0.165625 0.210417
0 0.228125 0.388542 0.15 0.25625
0 0.346094 0.5125 0.117188 0.258333
0 0.38125 0.242708 0.165625 0.210417
0 0.540625 0.276042 0.19375 0.20625
0 0.511719 0.097917 0.195312 0.191667
0 0.514844 0.527083 0.214062 0.258333
0 0.777344 0.2375 0.151562 0.195833
0 0.880469 0.6375 0.151562 0.195833
0 0.474219 0.891667 0.164062 0.204167
0 0.689063 0.834375 0.165625 0.222917
0 0.919531 0.283333 0.142187 0.183333
1 0.096094 0.651042 0.189062 0.397917