1 0.303906 0.589583 0.270313 0.370833
2 0.185156 0.717708 0.060937 0.064583
2 0.263281 0.032292 0.060937 0.060417
2 0.646094 0.446875 0.060937 0.064583
0 0.114844 0.435417 0.176563 0.191667
0 0.089063 0.50625 0.175 0.191667
0 0.532031 0.391667 0.160938 0.191667
0 0.611719 0.264583 0.160938 0.191667
0 0.521094 0.154167 0.182812 0.216667
0 0.796875 0.23125 0.215625 0.216667
0 0.820312 0.422917 0.16875 0.25
0 0.934375 0.873958 0.128125 0.252083
0 0.7375 0.889583 0.20625 0.220833
0 0.516406 0.905208 0.182812 0.189583
0 0.671875 0.622917 0.1625 0.208333
0 0.089844 0.165625 0.132812 0.28125