1 0.283594 0.684375 0.282813 0.30625
2 0.75 0.210417 0.05625 0.075
2 0.711719 0.084375 0.082812 0.102083
2 0.285938 0.935417 0.05625 0.075
0 0.896094 0.665625 0.185938 0.21875
0 0.419531 0.423958 0.185938 0.21875
0 0.478906 0.357292 0.185938 0.21875
0 0.577344 0.390625 0.185938 0.21875
0 0.649219 0.380208 0.185938 0.21875
0 0.716406 0.428125 0.185938 0.21875
0 0.775781 0.444792 0.185938 0.21875
0 0.883594 0.394792 0.185938 0.21875
0 0.269531 0.110417 0.185938 0.216667
0 0.432031 0.110417 0.185938 0.216667
0 0.549219 0.165625 0.185938 0.21875
0 0.078906 0.514583 0.154688 0.270833
0 0.653125 0.914583 0.1875 0.170833