1 0.516406 0.422917 0.164062 0.233333
2 0.349219 0.475 0.051562 0.058333
2 0.428906 0.577083 0.051562 0.058333
2 0.040625 0.6125 0.04375 0.070833
0 0.152344 0.345833 0.204687 0.266667
0 0.103906 0.094792 0.148438 0.185417
0 0.075 0.145833 0.146875 0.1875
0 0.2625 0.147917 0.18125 0.191667
0 0.400781 0.096875 0.179688 0.189583
0 0.673438 0.672917 0.16875 0.208333
0 0.720313 0.894792 0.140625 0.210417
0 0.490625 0.894792 0.140625 0.210417
0 0.692187 0.471875 0.159375 0.20625
0 0.810937 0.190625 0.128125 0.185417
0 0.93125 0.101042 0.1375 0.197917
0 0.534375 0.669792 0.1625 0.222917
0 0.44375 0.732292 0.1625 0.222917
0 0.302344 0.767708 0.170313 0.210417
0 0.5375 0.201042 0.15 0.189583
0 0.654687 0.251042 0.15 0.189583
0 0.769531 0.047917 0.167187 0.091667