0 0.808594 0.517708 0.198437 0.214583
0 0.528906 0.701042 0.110937 0.21875
0 0.628906 0.438542 0.198437 0.214583
0 0.625781 0.434375 0.198437 0.214583
0 0.570312 0.334375 0.13125 0.16875
0 0.464844 0.282292 0.198437 0.214583
0 0.4125 0.113542 0.165625 0.222917
0 0.071094 0.141667 0.139063 0.225
0 0.05 0.392708 0.096875 0.210417
0 0.410938 0.8125 0.165625 0.225
0 0.094531 0.875 0.160938 0.204167
0 0.097656 0.66875 0.160938 0.204167
0 0.203906 0.851042 0.164062 0.16875
0 0.84375 0.13125 0.15625 0.220833
0 0.934375 0.336458 0.13125 0.147917
1 0.278906 0.555208 0.339062 0.422917
2 0.625 0.609375 0.096875 0.135417
2 0.921094 0.046875 0.079687 0.089583