1 0.480469 0.5875 0.223438 0.295833
0 0.325 0.389583 0.15625 0.195833
0 0.214844 0.801042 0.185938 0.210417
0 0.057031 0.394792 0.110937 0.21875
0 0.144531 0.289583 0.185938 0.208333
0 0.175781 0.135417 0.185938 0.208333
0 0.579688 0.097917 0.109375 0.191667
0 0.561719 0.261458 0.195312 0.197917
0 0.45 0.278125 0.2 0.239583
0 0.428906 0.895833 0.185938 0.208333
0 0.627344 0.725 0.142187 0.1875
0 0.685156 0.541667 0.142187 0.1875
0 0.775781 0.922917 0.151562 0.154167
0 0.769531 0.107292 0.192188 0.210417
2 0.599219 0.851042 0.067187 0.08125
2 0.397656 0.748958 0.067187 0.08125
0 0.915625 0.716667 0.1375 0.229167
0 0.952344 0.382292 0.095312 0.21875
0 0.892969 0.25625 0.145313 0.220833