0 0.214844 0.138542 0.176563 0.202083
0 0.146094 0.635417 0.157812 0.191667
0 0.621094 0.835417 0.157812 0.191667
0 0.230469 0.85 0.157812 0.191667
0 0.384375 0.4625 0.159375 0.229167
0 0.703125 0.597917 0.159375 0.229167
0 0.917188 0.685417 0.159375 0.229167
0 0.936719 0.396875 0.126562 0.227083
0 0.171094 0.392708 0.135937 0.21875
0 0.495312 0.491667 0.159375 0.229167
0 0.476562 0.672917 0.159375 0.229167
0 0.432031 0.848958 0.160938 0.20625
1 0.620313 0.279167 0.35 0.433333
2 0.78125 0.886458 0.071875 0.060417