0 0.346094 0.50625 0.151562 0.204167
0 0.636719 0.547917 0.151562 0.204167
0 0.724219 0.58125 0.151562 0.204167
0 0.653906 0.816667 0.170313 0.233333
0 0.460156 0.66875 0.170313 0.233333
0 0.329688 0.867708 0.1625 0.202083
0 0.170313 0.920833 0.184375 0.145833
0 0.290625 0.16875 0.196875 0.275
0 0.076563 0.69375 0.15 0.204167
0 0.875781 0.45 0.151562 0.204167
0 0.571875 0.9125 0.1375 0.175
0 0.1625 0.56875 0.1625 0.179167
0 0.097656 0.361458 0.167187 0.19375
0 0.133594 0.076042 0.167187 0.147917
1 0.480469 0.291667 0.260937 0.275