1 0.346094 0.286458 0.198437 0.252083
0 0.45 0.680208 0.171875 0.21875
0 0.535937 0.246875 0.171875 0.21875
0 0.626563 0.620833 0.140625 0.195833
0 0.78125 0.7125 0.140625 0.195833
0 0.725 0.747917 0.140625 0.195833
0 0.616406 0.873958 0.195312 0.227083
0 0.3875 0.552083 0.153125 0.183333
0 0.235156 0.791667 0.201563 0.2375
0 0.164062 0.096875 0.171875 0.189583
0 0.349219 0.116667 0.154688 0.166667
0 0.721094 0.09375 0.173437 0.183333
0 0.894531 0.376042 0.173437 0.185417
0 0.900781 0.503125 0.173437 0.185417
0 0.926562 0.617708 0.146875 0.202083
0 0.798438 0.311458 0.146875 0.202083
0 0.715625 0.236458 0.146875 0.202083
0 0.73125 0.380208 0.146875 0.202083
0 0.73125 0.433333 0.1625 0.208333
0 0.692187 0.4375 0.1625 0.208333
0 0.628125 0.483333 0.1625 0.208333
0 0.173437 0.604167 0.190625 0.216667
0 0.807813 0.925 0.196875 0.15
0 0.070312 0.88125 0.1375 0.2375
2 0.189062 0.266667 0.059375 0.095833