1 0.307812 0.532292 0.253125 0.264583
0 0.16875 0.222917 0.134375 0.270833
0 0.442188 0.685417 0.146875 0.2
0 0.628125 0.758333 0.146875 0.2
0 0.925 0.520833 0.146875 0.2625
0 0.925781 0.3 0.148438 0.2625
0 0.939063 0.10625 0.121875 0.208333
0 0.321094 0.088542 0.170313 0.172917
0 0.503125 0.08125 0.23125 0.158333
0 0.558594 0.397917 0.170313 0.175
0 0.277344 0.888542 0.257812 0.20625
2 0.665625 0.410417 0.078125 0.075
2 0.024219 0.628125 0.045312 0.08125
0 0.777344 0.595833 0.173437 0.266667
0 0.715625 0.820833 0.146875 0.2
0 0.801562 0.9 0.15625 0.2