2 0.700781 0.442708 0.092188 0.097917
1 0.646094 0.844792 0.192188 0.172917
0 0.436719 0.317708 0.167187 0.222917
0 0.714844 0.163542 0.167187 0.222917
0 0.882031 0.190625 0.167187 0.222917
0 0.797656 0.540625 0.167187 0.222917
0 0.830469 0.882292 0.167187 0.222917
0 0.532031 0.607292 0.167187 0.222917
2 0.607812 0.746875 0.053125 0.064583
0 0.146094 0.688542 0.167187 0.222917
0 0.0625 0.683333 0.121875 0.2125
0 0.208594 0.457292 0.167187 0.222917
0 0.307031 0.621875 0.167187 0.222917
0 0.308594 0.873958 0.167187 0.222917
0 0.305469 0.869792 0.167187 0.222917
0 0.253906 0.196875 0.167187 0.222917
0 0.802344 0.234375 0.167187 0.222917
0 0.945312 0.638542 0.109375 0.210417
0 0.179688 0.898958 0.16875 0.202083
0 0.083594 0.378125 0.164062 0.222917
0 0.147656 0.1 0.170313 0.195833
0 0.342969 0.1 0.170313 0.195833
2 0.152344 0.301042 0.054688 0.06875