0 0.116406 0.715625 0.160938 0.20625
0 0.413281 0.336458 0.129688 0.177083
0 0.860156 0.392708 0.160938 0.197917
0 0.263281 0.207292 0.160938 0.197917
0 0.819531 0.621875 0.164062 0.23125
0 0.934375 0.826042 0.13125 0.177083
0 0.804688 0.921875 0.153125 0.15625
0 0.552344 0.952083 0.160938 0.095833
0 0.335938 0.959375 0.15625 0.08125
0 0.06875 0.214583 0.134375 0.170833
1 0.434375 0.669792 0.24375 0.310417
0 0.25625 0.71875 0.13125 0.2125
0 0.2375 0.552083 0.13125 0.2125
0 0.627344 0.434375 0.139063 0.23125
0 0.521094 0.313542 0.142187 0.197917