0 0.378125 0.884375 0.15625 0.202083
0 0.5625 0.775 0.184375 0.216667
0 0.736719 0.657292 0.120313 0.177083
0 0.751563 0.85625 0.146875 0.179167
0 0.844531 0.869792 0.104688 0.152083
0 0.932813 0.727083 0.134375 0.216667
0 0.253906 0.459375 0.148438 0.227083
0 0.088281 0.801042 0.148438 0.227083
0 0.1125 0.635417 0.153125 0.2125
0 0.283594 0.671875 0.164062 0.197917
0 0.220312 0.783333 0.140625 0.1625
0 0.338281 0.342708 0.148438 0.227083
0 0.582812 0.113542 0.165625 0.222917
0 0.902344 0.220833 0.145313 0.241667
0 0.220312 0.166667 0.19375 0.225
1 0.583594 0.453125 0.310937 0.485417