1 0.395313 0.254167 0.3375 0.491667
0 0.610156 0.382292 0.117188 0.202083
0 0.626563 0.145833 0.146875 0.241667
0 0.765625 0.247917 0.15625 0.170833
0 0.917969 0.198958 0.157812 0.202083
0 0.760156 0.079167 0.160938 0.154167
0 0.728906 0.852083 0.173437 0.208333
0 0.5 0.926042 0.16875 0.147917
0 0.105469 0.9125 0.207813 0.175
0 0.080469 0.678125 0.157812 0.222917
0 0.177344 0.240625 0.160938 0.222917
0 0.467969 0.530208 0.160938 0.222917
0 0.230469 0.719792 0.176563 0.189583
0 0.940625 0.395833 0.11875 0.208333
2 0.490625 0.815625 0.071875 0.077083
0 0.669531 0.525 0.173437 0.208333