0 0.055469 0.81875 0.107813 0.2
0 0.140625 0.673958 0.165625 0.21875
0 0.278125 0.561458 0.165625 0.21875
0 0.304688 0.873958 0.165625 0.21875
0 0.416406 0.715625 0.151562 0.197917
0 0.515625 0.88125 0.146875 0.229167
0 0.773438 0.633333 0.178125 0.225
0 0.729688 0.391667 0.175 0.229167
0 0.191406 0.216667 0.164062 0.229167
0 0.753906 0.141667 0.164062 0.229167
0 0.5875 0.65 0.178125 0.225
0 0.735938 0.902083 0.159375 0.195833
0 0.936719 0.801042 0.126562 0.227083
1 0.427344 0.30625 0.360938 0.466667
2 0.872656 0.39375 0.123438 0.145833
2 0.84375 0.039583 0.071875 0.075