0 0.665625 0.685417 0.171875 0.2125
0 0.917188 0.446875 0.153125 0.197917
0 0.85625 0.229167 0.159375 0.204167
0 0.23125 0.565625 0.134375 0.210417
0 0.417969 0.815625 0.132812 0.177083
0 0.170313 0.648958 0.134375 0.189583
0 0.072656 0.076042 0.142187 0.147917
0 0.113281 0.403125 0.129688 0.172917
0 0.658594 0.413542 0.139063 0.189583
0 0.496875 0.171875 0.19375 0.227083
0 0.170313 0.205208 0.14375 0.23125
0 0.730469 0.239583 0.154688 0.2125
0 0.549219 0.851042 0.139063 0.189583
1 0.420312 0.459375 0.284375 0.377083
2 0.078906 0.898958 0.067187 0.072917