0 0.35625 0.311458 0.13125 0.197917
0 0.878125 0.344792 0.13125 0.197917
0 0.934375 0.726042 0.13125 0.197917
0 0.316406 0.525 0.176563 0.216667
0 0.474219 0.473958 0.157812 0.222917
0 0.367188 0.720833 0.14375 0.225
0 0.734375 0.623958 0.1625 0.222917
0 0.136719 0.59375 0.157812 0.204167
0 0.217188 0.094792 0.19375 0.185417
0 0.619531 0.925 0.189062 0.15
0 0.622656 0.426042 0.157812 0.222917
0 0.920312 0.525 0.159375 0.158333
0 0.160938 0.330208 0.1625 0.24375
0 0.195312 0.790625 0.159375 0.227083
2 0.313281 0.876042 0.073438 0.09375
1 0.679688 0.169792 0.34375 0.335417