0 0.309375 0.732292 0.140625 0.177083
0 0.277344 0.917708 0.145313 0.164583
0 0.672656 0.480208 0.167187 0.227083
0 0.828906 0.6625 0.139063 0.183333
0 0.742188 0.078125 0.128125 0.152083
0 0.838281 0.217708 0.173437 0.20625
0 0.214062 0.3375 0.146875 0.183333
0 0.50625 0.382292 0.15625 0.19375
0 0.882812 0.053125 0.15625 0.102083
0 0.938281 0.378125 0.123438 0.20625
0 0.960156 0.720833 0.079687 0.175
0 0.910156 0.908333 0.173437 0.183333
0 0.522656 0.1375 0.198437 0.2
1 0.471094 0.845833 0.210938 0.308333
2 0.473438 0.661458 0.065625 0.089583