0 0.503125 0.901042 0.215625 0.197917
0 0.733594 0.35 0.185938 0.195833
0 0.932031 0.44375 0.135937 0.195833
0 0.532813 0.49375 0.14375 0.2
0 0.332031 0.902083 0.135937 0.195833
0 0.4125 0.688542 0.13125 0.177083
0 0.130469 0.095833 0.185938 0.1875
0 0.247656 0.583333 0.148438 0.179167
0 0.925781 0.633333 0.148438 0.179167
0 0.939063 0.820833 0.121875 0.179167
0 0.632031 0.496875 0.123438 0.15625
1 0.440625 0.235417 0.221875 0.266667
2 0.434375 0.434375 0.046875 0.060417
2 0.825 0.488542 0.046875 0.060417