1 0.317969 0.572917 0.270313 0.354167
2 0.171875 0.421875 0.065625 0.077083
2 0.134375 0.461458 0.065625 0.077083
2 0.550781 0.032292 0.060937 0.060417
0 0.219531 0.85 0.192188 0.2125
0 0.871094 0.119792 0.195312 0.235417
0 0.647656 0.822917 0.192188 0.283333
0 0.792188 0.741667 0.18125 0.154167
0 0.542188 0.310417 0.175 0.1875
0 0.417187 0.252083 0.175 0.1875
0 0.410938 0.822917 0.175 0.1875
0 0.4875 0.730208 0.184375 0.21875
0 0.925781 0.883333 0.145313 0.233333
0 0.858594 0.572917 0.210938 0.216667
0 0.876563 0.422917 0.18125 0.179167
0 0.673438 0.392708 0.18125 0.19375
0 0.267969 0.351042 0.198437 0.197917
0 0.124219 0.221875 0.198437 0.197917