1 0.586719 0.576042 0.360938 0.414583
0 0.204687 0.803125 0.165625 0.20625
0 0.18125 0.596875 0.165625 0.20625
0 0.417187 0.857292 0.165625 0.20625
0 0.71875 0.830208 0.14375 0.19375
0 0.933594 0.844792 0.132812 0.20625
0 0.809375 0.929167 0.153125 0.141667
0 0.06875 0.802083 0.134375 0.216667
0 0.077344 0.922917 0.142187 0.154167
0 0.314063 0.258333 0.14375 0.208333
0 0.089844 0.25625 0.145313 0.1625
0 0.916406 0.185417 0.164062 0.208333
0 0.927344 0.510417 0.145313 0.208333
0 0.678906 0.127083 0.145313 0.208333
0 0.339844 0.46875 0.145313 0.208333
0 0.495312 0.0875 0.178125 0.170833
0 0.446875 0.276042 0.178125 0.172917
0 0.197656 0.394792 0.179688 0.189583
0 0.840625 0.376042 0.175 0.20625
0 0.65 0.276042 0.15 0.18125