0 0.135156 0.395833 0.185938 0.229167
0 0.389844 0.620833 0.179688 0.291667
0 0.197656 0.164583 0.185938 0.229167
0 0.517969 0.467708 0.154688 0.235417
0 0.502344 0.81875 0.157812 0.229167
0 0.191406 0.615625 0.173437 0.20625
0 0.185156 0.742708 0.173437 0.20625
0 0.610156 0.085417 0.170313 0.166667
0 0.846875 0.316667 0.153125 0.195833
0 0.734375 0.196875 0.115625 0.185417
0 0.805469 0.1 0.123438 0.195833
0 0.933594 0.147917 0.132812 0.216667
0 0.517969 0.236458 0.160938 0.189583
0 0.671875 0.386458 0.1875 0.177083
2 0.396094 0.898958 0.076563 0.085417
2 0.252344 0.480208 0.067187 0.085417
2 0.439063 0.05625 0.059375 0.0875
2 0.683594 0.285417 0.057813 0.075
1 0.7 0.673958 0.36875 0.46875