1 0.422656 0.695833 0.232813 0.320833
1 0.095312 0.202083 0.1875 0.2375
0 0.216406 0.879167 0.220312 0.2125
0 0.174219 0.698958 0.132812 0.197917
0 0.723437 0.223958 0.16875 0.222917
0 0.160938 0.407292 0.16875 0.222917
0 0.407813 0.234375 0.16875 0.222917
0 0.35 0.413542 0.16875 0.222917
0 0.554688 0.159375 0.16875 0.222917
0 0.870313 0.461458 0.16875 0.222917
0 0.896875 0.307292 0.16875 0.222917
0 0.873437 0.173958 0.16875 0.222917
0 0.889062 0.932292 0.165625 0.135417
0 0.0625 0.789583 0.121875 0.233333
2 0.839844 0.822917 0.054688 0.075
2 0.903906 0.8 0.054688 0.075
2 0.578906 0.941667 0.054688 0.075
2 0.20625 0.294792 0.05625 0.064583
0 0.678906 0.761458 0.148438 0.19375
2 0.811719 0.683333 0.054688 0.075