0 0.35625 0.820833 0.15625 0.183333
0 0.33125 0.385417 0.15625 0.183333
0 0.405469 0.180208 0.170313 0.235417
0 0.228906 0.085417 0.160938 0.166667
0 0.528125 0.653125 0.159375 0.222917
0 0.779687 0.378125 0.159375 0.222917
0 0.746094 0.604167 0.148438 0.195833
0 0.735156 0.901042 0.148438 0.197917
0 0.627344 0.109375 0.101562 0.14375
0 0.078125 0.202083 0.15 0.166667
0 0.630469 0.361458 0.157812 0.210417
0 0.1125 0.4125 0.15625 0.183333
1 0.126562 0.70625 0.25 0.3125
2 0.869531 0.269792 0.073438 0.089583
0 0.202344 0.465625 0.157812 0.23125