0 0.265625 0.567708 0.1875 0.247917
0 0.448437 0.585417 0.178125 0.225
0 0.364063 0.10625 0.15 0.208333
0 0.183594 0.319792 0.195312 0.24375
0 0.132031 0.422917 0.151562 0.220833
0 0.111719 0.820833 0.160938 0.25
0 0.630469 0.575 0.160938 0.2
0 0.805469 0.507292 0.182812 0.235417
0 0.655469 0.805208 0.182812 0.235417
0 0.291406 0.857292 0.182812 0.235417
0 0.942187 0.6875 0.115625 0.233333
0 0.789062 0.630208 0.1875 0.20625
0 0.575781 0.775 0.185938 0.1875
0 0.741406 0.094792 0.185938 0.185417
1 0.566406 0.290625 0.326562 0.439583