0 0.66875 0.497917 0.146875 0.2
0 0.311719 0.415625 0.173437 0.20625
0 0.266406 0.56875 0.173437 0.245833
0 0.727344 0.63125 0.173437 0.245833
0 0.866406 0.382292 0.145313 0.23125
0 0.755469 0.138542 0.157812 0.227083
0 0.921094 0.861458 0.157812 0.227083
0 0.925781 0.645833 0.148438 0.195833
0 0.155469 0.785417 0.148438 0.195833
0 0.546094 0.139583 0.182812 0.1875
0 0.44375 0.855208 0.184375 0.20625
0 0.692187 0.917708 0.184375 0.164583
0 0.130469 0.070833 0.176563 0.1375
0 0.91875 0.08125 0.1625 0.158333
0 0.288281 0.81875 0.148438 0.229167
1 0.475 0.597917 0.25 0.241667
2 0.55 0.354167 0.05 0.058333
2 0.627344 0.169792 0.051562 0.064583