0 0.6 0.259375 0.140625 0.172917
0 0.513281 0.178125 0.142187 0.18125
0 0.521875 0.4875 0.153125 0.220833
0 0.36875 0.548958 0.153125 0.19375
0 0.713281 0.467708 0.173437 0.227083
0 0.863281 0.578125 0.176563 0.24375
0 0.764062 0.6625 0.159375 0.2375
0 0.907813 0.325 0.159375 0.2375
0 0.176563 0.570833 0.159375 0.2375
0 0.060937 0.4375 0.11875 0.233333
0 0.3375 0.322917 0.175 0.233333
0 0.619531 0.061458 0.164062 0.11875
0 0.788281 0.061458 0.164062 0.11875
0 0.360156 0.946875 0.142187 0.10625
1 0.533594 0.775 0.295312 0.320833
2 0.020313 0.128125 0.0375 0.085417