0 0.6625 0.339583 0.234375 0.179167
0 0.609375 0.655208 0.146875 0.177083
0 0.364844 0.697917 0.154688 0.179167
0 0.472656 0.589583 0.154688 0.179167
0 0.713281 0.703125 0.151562 0.23125
0 0.299219 0.498958 0.151562 0.210417
0 0.553906 0.179167 0.154688 0.179167
0 0.660156 0.133333 0.154688 0.179167
0 0.794531 0.21875 0.157812 0.229167
0 0.074219 0.502083 0.145313 0.183333
0 0.055469 0.109375 0.107813 0.210417
0 0.092188 0.883333 0.159375 0.158333
0 0.935937 0.435417 0.128125 0.175
0 0.935937 0.752083 0.128125 0.175
0 0.825 0.932292 0.153125 0.135417
0 0.235937 0.358333 0.15625 0.216667
1 0.325 0.109375 0.228125 0.214583
2 0.092969 0.4125 0.045312 0.054167