0 0.301563 0.320833 0.15625 0.245833
0 0.342187 0.51875 0.14375 0.229167
0 0.185156 0.129167 0.148438 0.2125
0 0.747656 0.172917 0.148438 0.2125
0 0.839844 0.172917 0.148438 0.2125
0 0.761719 0.40625 0.148438 0.2125
0 0.897656 0.441667 0.148438 0.2125
0 0.735156 0.625 0.167187 0.225
0 0.674219 0.741667 0.167187 0.225
0 0.142969 0.5375 0.142187 0.2125
0 0.171094 0.860417 0.173437 0.220833
0 0.879687 0.777083 0.159375 0.191667
1 0.496875 0.271875 0.303125 0.39375
2 0.572656 0.69375 0.048438 0.066667
2 0.085156 0.384375 0.054688 0.077083