1 0.310156 0.433333 0.223438 0.270833
1 0.565625 0.879167 0.234375 0.241667
0 0.320312 0.898958 0.1625 0.202083
0 0.154688 0.846875 0.1625 0.202083
0 0.210938 0.769792 0.1625 0.202083
0 0.6 0.419792 0.1625 0.202083
0 0.710156 0.580208 0.185938 0.210417
0 0.899219 0.9125 0.173437 0.175
0 0.934375 0.753125 0.13125 0.177083
0 0.9 0.620833 0.16875 0.183333
0 0.884375 0.4875 0.16875 0.183333
0 0.917188 0.248958 0.165625 0.25625
0 0.817187 0.075 0.21875 0.145833
2 0.421094 0.840625 0.089063 0.09375
2 0.201563 0.558333 0.059375 0.0875
2 0.565625 0.26875 0.059375 0.0875
2 0.66875 0.227083 0.059375 0.0875
0 0.551562 0.540625 0.1625 0.202083
0 0.473438 0.651042 0.1625 0.202083
0 0.13125 0.103125 0.178125 0.202083
0 0.071875 0.234375 0.140625 0.197917
0 0.160156 0.228125 0.142187 0.197917
0 0.074219 0.641667 0.145313 0.258333
0 0.703125 0.48125 0.134375 0.158333