0 0.589063 0.466667 0.1375 0.208333
0 0.56875 0.140625 0.1625 0.214583
0 0.332031 0.198958 0.123438 0.185417
0 0.774219 0.702083 0.132812 0.191667
0 0.710156 0.55625 0.145313 0.2
0 0.791406 0.347917 0.145313 0.2
0 0.532031 0.884375 0.167187 0.23125
0 0.053906 0.535417 0.104688 0.220833
0 0.39375 0.858333 0.159375 0.2375
0 0.114844 0.1375 0.142187 0.225
1 0.296094 0.469792 0.267188 0.31875
2 0.824219 0.560417 0.051562 0.066667
2 0.290625 0.072917 0.05 0.083333
2 0.092969 0.184375 0.029687 0.047917
2 0.614844 0.329167 0.054688 0.066667