1 0.228906 0.347917 0.220312 0.254167
1 0.888281 0.816667 0.220312 0.366667
2 0.303125 0.198958 0.053125 0.08125
2 0.121875 0.959375 0.053125 0.08125
0 0.125781 0.789583 0.198437 0.204167
0 0.266406 0.820833 0.198437 0.204167
0 0.233594 0.566667 0.198437 0.204167
0 0.147656 0.535417 0.198437 0.204167
0 0.672656 0.697917 0.198437 0.204167
0 0.639844 0.466667 0.198437 0.204167
0 0.561719 0.197917 0.198437 0.204167
0 0.725 0.283333 0.146875 0.216667
0 0.079687 0.109375 0.146875 0.214583
0 0.060937 0.309375 0.11875 0.214583
0 0.940625 0.225 0.11875 0.245833
0 0.882812 0.386458 0.18125 0.247917