0 0.850781 0.3375 0.179688 0.233333
0 0.847656 0.56875 0.179688 0.233333
0 0.084375 0.790625 0.165625 0.235417
0 0.778125 0.76875 0.159375 0.195833
0 0.4375 0.214583 0.159375 0.195833
0 0.060937 0.06875 0.11875 0.133333
0 0.584375 0.648958 0.159375 0.160417
0 0.301563 0.630208 0.159375 0.160417
0 0.425 0.388542 0.159375 0.160417
0 0.610938 0.08125 0.159375 0.158333
0 0.369531 0.825 0.160938 0.183333
0 0.199219 0.30625 0.160938 0.183333
0 0.707031 0.333333 0.167187 0.220833
0 0.65625 0.86875 0.184375 0.216667
0 0.413281 0.660417 0.117188 0.15
1 0.095312 0.536458 0.1875 0.24375
2 0.851562 0.648958 0.040625 0.05625