0 0.098437 0.84375 0.1875 0.245833
0 0.351562 0.441667 0.1875 0.245833
0 0.652344 0.109375 0.182812 0.214583
0 0.513281 0.302083 0.182812 0.216667
0 0.694531 0.508333 0.173437 0.2875
0 0.936719 0.228125 0.126562 0.24375
0 0.860938 0.939583 0.184375 0.116667
0 0.142187 0.491667 0.1875 0.245833
0 0.316406 0.182292 0.167187 0.185417
0 0.467969 0.951042 0.167187 0.097917
0 0.717969 0.344792 0.204687 0.214583
0 0.817187 0.5625 0.16875 0.245833
2 0.484375 0.736458 0.046875 0.064583
2 0.151562 0.14375 0.05625 0.0875
1 0.628906 0.83125 0.264062 0.3375