0 0.905469 0.852083 0.170313 0.220833
0 0.760156 0.816667 0.170313 0.220833
0 0.277344 0.860417 0.145313 0.216667
0 0.575781 0.709375 0.185938 0.252083
0 0.653906 0.534375 0.185938 0.252083
0 0.696094 0.11875 0.173437 0.233333
0 0.816406 0.517708 0.154688 0.202083
0 0.157031 0.309375 0.167187 0.23125
0 0.184375 0.708333 0.190625 0.208333
0 0.403906 0.680208 0.164062 0.197917
0 0.419531 0.901042 0.164062 0.197917
0 0.260156 0.169792 0.164062 0.23125
0 0.377344 0.096875 0.154688 0.189583
2 0.835156 0.353125 0.051562 0.09375
2 0.710156 0.345833 0.085938 0.108333
2 0.207031 0.478125 0.064062 0.09375
2 0.207813 0.398958 0.059375 0.072917
1 0.453125 0.338542 0.33125 0.40625