1 0.217188 0.583333 0.3625 0.595833
0 0.79375 0.778125 0.209375 0.20625
0 0.65625 0.490625 0.15 0.18125
0 0.551562 0.534375 0.15 0.18125
0 0.429688 0.757292 0.153125 0.314583
0 0.563281 0.7625 0.148438 0.2
0 0.514844 0.9 0.148438 0.2
0 0.791406 0.315625 0.189062 0.227083
0 0.782031 0.101042 0.189062 0.197917
0 0.425781 0.317708 0.182812 0.189583
0 0.572656 0.308333 0.214062 0.2625
0 0.109375 0.284375 0.196875 0.252083
0 0.090625 0.098958 0.178125 0.19375
0 0.53125 0.06875 0.16875 0.133333
0 0.346094 0.145833 0.210938 0.2375
2 0.738281 0.9 0.064062 0.070833
0 0.823438 0.413542 0.15 0.18125
0 0.285938 0.909375 0.15 0.18125