0 0.440625 0.396875 0.175 0.20625
0 0.392188 0.204167 0.2125 0.241667
0 0.598437 0.40625 0.175 0.216667
0 0.871875 0.7125 0.165625 0.2125
0 0.915625 0.903125 0.1625 0.19375
0 0.338281 0.91875 0.160938 0.1625
0 0.517188 0.711458 0.18125 0.202083
0 0.075 0.097917 0.146875 0.191667
0 0.724219 0.620833 0.167187 0.258333
0 0.630469 0.116667 0.170313 0.229167
0 0.939063 0.269792 0.121875 0.24375
0 0.897656 0.485417 0.154688 0.245833
0 0.260937 0.472917 0.184375 0.241667
2 0.401562 0.048958 0.075 0.09375
1 0.679688 0.869792 0.33125 0.260417