1 0.322656 0.469792 0.304688 0.44375
0 0.638281 0.5 0.139063 0.1625
0 0.719531 0.429167 0.139063 0.1625
0 0.786719 0.3125 0.139063 0.1625
0 0.791406 0.397917 0.139063 0.204167
0 0.844531 0.419792 0.110937 0.160417
0 0.827344 0.590625 0.167187 0.202083
0 0.102344 0.734375 0.160938 0.235417
0 0.416406 0.125 0.145313 0.216667
0 0.607031 0.208333 0.145313 0.216667
0 0.586719 0.264583 0.182812 0.220833
0 0.476562 0.260417 0.146875 0.191667
0 0.704688 0.713542 0.146875 0.214583
0 0.384375 0.809375 0.146875 0.214583
0 0.23125 0.884375 0.196875 0.21875
0 0.246875 0.122917 0.16875 0.241667
2 0.161719 0.363542 0.057813 0.089583
0 0.48125 0.936458 0.14375 0.127083
0 0.074219 0.267708 0.145313 0.214583