0 0.773438 0.186458 0.15625 0.202083
0 0.814063 0.538542 0.15625 0.202083
0 0.078906 0.102083 0.154688 0.2
0 0.082812 0.371875 0.15625 0.202083
0 0.176563 0.657292 0.15625 0.202083
0 0.620313 0.778125 0.178125 0.20625
0 0.908594 0.575 0.173437 0.266667
0 0.48125 0.622917 0.1625 0.175
0 0.603906 0.358333 0.157812 0.1875
0 0.630469 0.905208 0.157812 0.189583
2 0.326562 0.934375 0.06875 0.089583
2 0.882031 0.836458 0.054688 0.064583
2 0.150781 0.51875 0.060937 0.079167
2 0.188281 0.139583 0.070312 0.075
2 0.434375 0.028125 0.059375 0.052083
1 0.328906 0.323958 0.370312 0.460417