0 0.453906 0.647917 0.160938 0.191667
0 0.342969 0.096875 0.160938 0.189583
0 0.667188 0.326042 0.1625 0.227083
0 0.874219 0.364583 0.192188 0.254167
0 0.395313 0.296875 0.175 0.210417
0 0.089844 0.261458 0.170313 0.20625
0 0.635156 0.55625 0.157812 0.2375
0 0.210938 0.46875 0.178125 0.258333
0 0.821094 0.783333 0.179688 0.245833
0 0.246094 0.904167 0.160938 0.191667
2 0.270313 0.721875 0.084375 0.089583
2 0.372656 0.559375 0.067187 0.089583
2 0.566406 0.672917 0.070312 0.095833
1 0.592969 0.867708 0.248438 0.264583