0 0.557813 0.158333 0.184375 0.225
0 0.609375 0.758333 0.184375 0.225
0 0.476562 0.396875 0.13125 0.16875
0 0.394531 0.110417 0.151562 0.216667
0 0.082031 0.277083 0.129688 0.183333
0 0.230469 0.525 0.129688 0.183333
0 0.080469 0.754167 0.129688 0.183333
0 0.888281 0.35 0.129688 0.183333
0 0.911719 0.657292 0.173437 0.23125
0 0.765625 0.883333 0.19375 0.233333
0 0.139063 0.398958 0.140625 0.177083
0 0.232813 0.16875 0.146875 0.170833
2 0.576562 0.467708 0.06875 0.077083
1 0.364063 0.746875 0.2375 0.31875