0 0.428906 0.580208 0.154688 0.189583
0 0.816406 0.545833 0.123438 0.166667
0 0.644531 0.4875 0.170313 0.220833
0 0.608594 0.879167 0.170313 0.220833
0 0.430469 0.84375 0.170313 0.220833
0 0.676562 0.684375 0.171875 0.20625
0 0.729688 0.163542 0.1375 0.19375
0 0.89375 0.701042 0.178125 0.197917
0 0.117969 0.254167 0.167187 0.204167
0 0.272656 0.251042 0.154688 0.189583
0 0.430469 0.147917 0.160938 0.220833
0 0.588281 0.273958 0.157812 0.24375
0 0.932813 0.213542 0.134375 0.260417
0 0.300781 0.06875 0.154688 0.133333
1 0.171875 0.648958 0.340625 0.460417