0 0.11875 0.783333 0.178125 0.266667
0 0.570312 0.880208 0.178125 0.239583
0 0.874219 0.628125 0.185938 0.239583
0 0.839063 0.425 0.196875 0.220833
0 0.941406 0.185417 0.117188 0.2625
0 0.810156 0.189583 0.145313 0.241667
0 0.639062 0.111458 0.196875 0.21875
0 0.647656 0.313542 0.182812 0.19375
0 0.430469 0.273958 0.182812 0.19375
0 0.665625 0.530208 0.15 0.20625
0 0.807813 0.911458 0.15625 0.177083
0 0.375781 0.925 0.157812 0.15
0 0.319531 0.758333 0.173437 0.195833
0 0.101562 0.342708 0.2 0.23125
1 0.488281 0.570833 0.329688 0.475