0 0.122656 0.635417 0.182812 0.208333
0 0.264844 0.790625 0.167187 0.210417
0 0.091406 0.857292 0.167187 0.210417
0 0.414844 0.669792 0.173437 0.277083
0 0.858594 0.394792 0.167187 0.210417
0 0.930469 0.10625 0.139063 0.208333
0 0.85625 0.63125 0.16875 0.241667
0 0.924219 0.844792 0.151562 0.25625
0 0.085156 0.316667 0.167187 0.241667
0 0.290625 0.1 0.171875 0.195833
0 0.267969 0.477083 0.170313 0.245833
0 0.6875 0.808333 0.16875 0.291667
1 0.464844 0.247917 0.292187 0.445833
2 0.585156 0.458333 0.079687 0.108333
2 0.585156 0.765625 0.060937 0.072917
2 0.740625 0.969792 0.0625 0.060417