0 0.45625 0.15625 0.178125 0.216667
0 0.684375 0.40625 0.15625 0.2
0 0.84375 0.579167 0.18125 0.25
0 0.651563 0.664583 0.18125 0.25
0 0.142187 0.432292 0.178125 0.147917
0 0.513281 0.848958 0.142187 0.177083
0 0.525781 0.711458 0.142187 0.177083
0 0.116406 0.909375 0.142187 0.177083
0 0.900781 0.794792 0.142187 0.177083
1 0.074219 0.598958 0.145313 0.264583
2 0.054688 0.2625 0.0625 0.079167
2 0.5875 0.288542 0.053125 0.077083
2 0.529687 0.267708 0.053125 0.077083
2 0.628906 0.226042 0.064062 0.08125