0 0.421094 0.376042 0.198437 0.23125
0 0.213281 0.520833 0.154688 0.204167
0 0.078125 0.101042 0.15 0.197917
0 0.145313 0.305208 0.19375 0.202083
0 0.51875 0.627083 0.15 0.179167
0 0.475 0.754167 0.1625 0.233333
0 0.451562 0.86875 0.1625 0.233333
0 0.701562 0.559375 0.184375 0.177083
0 0.849219 0.925 0.176563 0.15
0 0.780469 0.751042 0.220312 0.247917
0 0.613281 0.8875 0.164062 0.225
0 0.895312 0.103125 0.1875 0.202083
0 0.308594 0.819792 0.160938 0.21875
0 0.560156 0.132292 0.160938 0.21875
0 0.130469 0.676042 0.160938 0.21875
2 0.427344 0.146875 0.064062 0.097917
2 0.027344 0.20625 0.051562 0.1
1 0.725781 0.308333 0.310937 0.35