1 0.296094 0.25 0.285938 0.358333
0 0.51875 0.360417 0.171875 0.25
0 0.692187 0.295833 0.171875 0.25
0 0.564063 0.63125 0.171875 0.25
0 0.372656 0.676042 0.164062 0.235417
0 0.561719 0.879167 0.198437 0.241667
0 0.897656 0.427083 0.198437 0.241667
0 0.184375 0.93125 0.175 0.1375
0 0.139063 0.080208 0.1625 0.15625
0 0.114062 0.415625 0.1375 0.197917
0 0.85 0.078125 0.15625 0.152083
0 0.946875 0.634375 0.10625 0.16875
0 0.909375 0.840625 0.18125 0.20625
0 0.096875 0.577083 0.146875 0.2375
2 0.236719 0.658333 0.060937 0.1
0 0.633594 0.115625 0.195312 0.227083
0 0.401562 0.595833 0.15 0.170833
0 0.351562 0.541667 0.15 0.170833