0 0.122656 0.777083 0.182812 0.245833
0 0.533594 0.253125 0.148438 0.214583
0 0.358594 0.135417 0.192188 0.195833
0 0.674219 0.210417 0.167187 0.2
0 0.641406 0.897917 0.167187 0.2
0 0.689844 0.545833 0.167187 0.2
0 0.682031 0.445833 0.167187 0.2
0 0.872656 0.271875 0.170313 0.26875
0 0.242188 0.16875 0.146875 0.220833
0 0.35625 0.825 0.146875 0.220833
0 0.769531 0.754167 0.179688 0.216667
2 0.569531 0.684375 0.057813 0.064583
2 0.503125 0.80625 0.05625 0.079167
2 0.142187 0.232292 0.065625 0.085417
1 0.270313 0.50625 0.35625 0.483333