0 0.250781 0.8375 0.142187 0.183333
0 0.0625 0.745833 0.121875 0.179167
0 0.69375 0.748958 0.13125 0.227083
0 0.667969 0.19375 0.123438 0.208333
0 0.940625 0.08125 0.11875 0.158333
0 0.464062 0.897917 0.153125 0.204167
0 0.577344 0.928125 0.101562 0.14375
0 0.298438 0.44375 0.159375 0.175
0 0.157812 0.4875 0.159375 0.175
0 0.639062 0.413542 0.165625 0.210417
0 0.55 0.379167 0.16875 0.225
0 0.917188 0.611458 0.165625 0.210417
2 0.142187 0.1375 0.065625 0.116667
2 0.609375 0.070833 0.090625 0.091667
1 0.317969 0.151042 0.323437 0.297917