1 0.403906 0.739583 0.235937 0.291667
0 0.332813 0.452083 0.165625 0.258333
0 0.082812 0.189583 0.1625 0.258333
0 0.222656 0.33125 0.167187 0.233333
0 0.146875 0.466667 0.165625 0.233333
0 0.211719 0.604167 0.167187 0.233333
0 0.132812 0.658333 0.165625 0.233333
0 0.080469 0.821875 0.157812 0.20625
0 0.536719 0.917708 0.160938 0.164583
0 0.678125 0.76875 0.165625 0.208333
0 0.773438 0.761458 0.121875 0.222917
0 0.8375 0.711458 0.18125 0.26875
0 0.942969 0.620833 0.114062 0.229167
0 0.936719 0.905208 0.126562 0.189583
0 0.867969 0.29375 0.160938 0.183333
0 0.708594 0.302083 0.248438 0.258333
0 0.557031 0.092708 0.160938 0.18125
0 0.460156 0.395833 0.160938 0.183333
0 0.574219 0.583333 0.160938 0.183333
2 0.25625 0.748958 0.05625 0.09375
2 0.196875 0.780208 0.05625 0.09375
2 0.295312 0.907292 0.05625 0.09375
0 0.221875 0.08125 0.184375 0.158333