1 0.751563 0.752083 0.1875 0.245833
0 0.373437 0.345833 0.1625 0.245833
0 0.505469 0.280208 0.160938 0.189583
0 0.472656 0.459375 0.160938 0.189583
0 0.499219 0.509375 0.160938 0.189583
0 0.910156 0.397917 0.167187 0.254167
0 0.932031 0.507292 0.135937 0.21875
0 0.816406 0.557292 0.135937 0.21875
0 0.767969 0.496875 0.135937 0.21875
0 0.708594 0.478125 0.135937 0.21875
0 0.633594 0.434375 0.135937 0.21875
0 0.880469 0.178125 0.135937 0.21875
0 0.816406 0.163542 0.135937 0.21875
0 0.675781 0.140625 0.135937 0.21875
0 0.217969 0.888542 0.135937 0.185417
0 0.089844 0.759375 0.135937 0.185417
0 0.094531 0.251042 0.135937 0.185417
0 0.100781 0.389583 0.157812 0.2125
0 0.136719 0.4625 0.157812 0.2125
0 0.152344 0.089583 0.154688 0.158333
0 0.253906 0.10625 0.154688 0.158333
0 0.274219 0.14375 0.154688 0.158333
0 0.924219 0.807292 0.151562 0.21875
0 0.589844 0.954167 0.145313 0.091667
0 0.367969 0.745833 0.176563 0.220833
0 0.314844 0.6125 0.176563 0.220833
0 0.236719 0.577083 0.176563 0.220833
2 0.239063 0.279167 0.065625 0.095833
2 0.594531 0.170833 0.051562 0.079167
0 0.080469 0.619792 0.157812 0.20625