0 0.723437 0.223958 0.175 0.210417
0 0.538281 0.234375 0.129688 0.210417
0 0.483594 0.917708 0.148438 0.164583
0 0.44375 0.5 0.140625 0.220833
0 0.417969 0.211458 0.117188 0.189583
0 0.8375 0.647917 0.15625 0.233333
0 0.772656 0.829167 0.145313 0.179167
0 0.916406 0.919792 0.154688 0.160417
0 0.696094 0.946875 0.154688 0.10625
0 0.564844 0.7 0.145313 0.179167
0 0.65 0.644792 0.15 0.214583
0 0.082031 0.898958 0.151562 0.202083
0 0.052344 0.666667 0.101562 0.241667
1 0.273438 0.764583 0.35 0.416667
2 0.738281 0.346875 0.064062 0.08125
2 0.942969 0.570833 0.076563 0.083333